Chimp															AfAmer													ChnAmer													EurAmer															
S	5% CI	back rho	95% CI	5% CI	lambda	95% CI	post pr.(10)	5% CI	lower loc	upper loc	95% CI	5% CI human	95% CI human		S	5% CI	back rho	95% CI	5% CI	lambda	95% CI	post pr.(10)	5% CI	lower loc	upper loc	95% CI		S	5% CI	back rho	95% CI	5% CI	lambda	95% CI	post pr.(10)	5% CI	lower loc	upper loc	95% CI		S	5% CI	back rho	95% CI	5% CI	lambda	95% CI	post pr.(10)	5% CI	lower loc	upper loc	95% CI		See Methods paper of Ptak et al. 2005 for more details.		
119	0.000263	0.000528	0.00098	41.408	184.89	823.4	1	18595900	18596600	18600900	18601600	18786371	18792092		70	0.001336	0.001776	0.002336	64.8204	265.097	693.879	1	18603800	18605900	18609500	18610400		63	0.000457	0.000637	0.000898	190.998	592.351	968.097	1	18607900	18608300	18610200	18610900		70	0.000606	0.000861	0.001193	126.356	537.5635	960.101	1	18607000	18607400	18610100	18610900				
97	0.000699	0.001284	0.002291	26.0631	168.177	909.573	0.999	19532400	19533300	19535700	19537000	19739124	19743721		37	0.000317	0.000484	0.000746	67.7167	378.495	879.381	1	18740500	18742800	18744600	18746200		56	0.000012	0.000035	0.000079	176.788	621.1375	951.667	1	18845600	18847500	18850200	18852700		61	0.000023	0.00005	0.000093	152.972	528.123	959.524	1	18846400	18847500	18850100	18851700		These hotspots were detected in 70kb overlapping windows.		
90	0.001735	0.002594	0.003807	22.5307	152.771	786.466	0.988	19753800	19754600	19756800	19758900	19969212	19974313		54	0.000303	0.000489	0.000735	137.625	421.205	925.194	1	18780200	18781400	18782800	18783400		70	0.000024	0.000056	0.000113	58.487	524.463	949.855	1	19119700	19120100	19121200	19121700		44	0.000031	0.000068	0.000134	169.509	506.449	967.166	1	18976900	18979000	18982000	18982200		Hence some of the inferred hotspots may be identical.  In the 		
89	0.000159	0.000338	0.000645	56.0588	384.123	892.83	1	20061900	20062700	20065200	20068000	20276903	20282992		54	0.000123	0.000227	0.000378	114.896	454.849	917.412	1	18846400	18847600	18849750	18851300		44	0.000088	0.000176	0.000313	19.3258	125.4	547.679	0.994	19170200	19171300	19172900	19173800		92	0.000067	0.00012	0.000205	18.4373	138.6435	666.087	0.983	19050400	19052300	19054300	19057900		"paper we treated hotspots with overlapping CI as identical, "		
128	0.00192	0.002734	0.00391	127.366	228.557	611.83	0.994	20813600	20817400	20819800	20822100	21029086	21037649		55	0.000141	0.000251	0.000407	139.651	473.8205	931.936	1	18979800	18980400	18981700	18982000		36	0.000072	0.000167	0.000339	24.0221	205.716	795.442	0.99	19248600	19250700	19252400	19254100		108	0.000013	0.000035	0.000086	55.2275	156.614	439.486	1	19119600	19120300	19124500	19125100		but all are listed here.		
81	0.000592	0.00106	0.001906	24.8734	218.0405	762.209	0.997	21366500	21367300	21369500	21371100	21582819	21587409		95	0.000213	0.00033	0.000499	10.6075	60.03295	308.875	0.997	19050100	19051500	19053000	19055200		46	0.000065	0.000132	0.000222	27.1571	149.828	746.474	0.997	19279600	19281200	19282900	19284100		63	0.000045	0.000096	0.000162	101.196	310.123	860.752	1	19279300	19280900	19283600	19284700				
102	0.002029	0.003098	0.004821	11.2992	337.061	915.269	0.982	21935300	21936800	21938300	21938800	22150412	22153950		125	0.000155	0.000262	0.000419	44.8152	91.8144	167.961	1	19119700	19120000	19124300	19124700		55	0.000106	0.000235	0.000415	107.747	446.881	916.424	1	19327600	19328500	19331600	19334300		61	0.000205	0.000352	0.000546	153.683	392.7755	946.707	1	19328200	19328700	19331400	19333400		Listed here is the number of segregating sites contained in		
70	0.001928	0.003212	0.00547	27.4018	165.326	726.365	0.992	22069800	22072400	22074400	22076400	22283573	22290140		51	0.00016	0.00029	0.000478	65.8328	290.885	783.708	0.999	19171100	19171500	19172650	19173300		41	0.000015	0.000048	0.000133	56.8152	324.077	893.551	1	19390000	19391100	19393000	19395000		39	0.000216	0.000373	0.00057	186.758	537.639	920.065	1	19622900	19623900	19625600	19626300		the window (S); the background recombination rate estimate		
66	0.000706	0.001229	0.002062	15.5758	90.98035	403.327	0.981	22130200	22132600	22134400	22137300	22345335	22352435		47	0.000111	0.000247	0.000475	57.7535	198.303	728.177	1	19257500	19259000	19260600	19261400		82	0.000007	0.000022	0.00006	61.2411	264.7415	796.042	0.997	19591700	19594100	19596000	19597700		38	0.000149	0.000344	0.000685	155.536	527.474	948.776	1	19881600	19882400	19884700	19886300		(back rho) plus 95% credible intervals; the estimate of 		
76	0.000788	0.001592	0.003553	18.7542	195.793	768.074	0.99	22165900	22168700	22171550	22174500	22382788	22392096		62	0.000527	0.0008	0.001184	77.8962	185.506	496.811	1	19278800	19279500	19281200	19283000		39	0.000157	0.000298	0.00051	99.5717	398.42	878.859	1	19644500	19644800	19645900	19646300		32	0.000075	0.000157	0.00029	161.025	522.542	903.471	1	19944600	19945200	19947300	19948300		the fold increase in recombination inside the hotspot (lambda) 		
74	0.000486	0.000842	0.001303	19.4269	82.8992	405.399	0.988	22216800	22217700	22219000	22219900	22435723	22438821		68	0.000416	0.000662	0.001005	126.317	409.245	929.016	1	19327400	19328600	19331300	19333100		48	0.000129	0.000236	0.000406	66.8359	404.8575	901.378	1	19847300	19851000	19852800	19856600		38	0.000121	0.000244	0.000425	71.988	277.826	776.992	1	19971600	19973900	19975800	19978200		plus 95% credible intervals; the posterior probability that lambda 		
111	0.00141	0.002114	0.003097	23.4722	84.5128	413.819	0.985	22278900	22279900	22281200	22283100	22501741	22505941		81	0.000062	0.000114	0.000196	59.0729	263.7875	784.993	1	19595200	19595900	19597000	19597700		31	0.000047	0.000133	0.000291	52.1881	327.0535	890.679	1	19881500	19882400	19883900	19885600		41	0.000023	0.000055	0.000112	28.1957	181.128	798.24	1	20007700	20009600	20011500	20013200		is greater than 10 (post pr. (10)) and the location of the inferred 		
217	0.000361	0.000554	0.000855	40.2283	303.744	906.762	0.991	22402300	22402800	22403700	22404100	22625110	22626909		37	0.000767	0.001224	0.001904	68.5956	313.013	809.97	0.999	19644500	19644800	19645900	19646300		31	0.000183	0.000367	0.000659	186.279	474.589	916.889	1	19945200	19945500	19947300	19948300		67	0.000019	0.000048	0.000095	132.813	423.819	906.062	1	20128700	20130100	20131800	20134200		(lower loc to upper loc) plus 95% credible intervals.		
64	0.001147	0.001977	0.003388	71.5672	263.735	908.098	0.983	22600700	22603000	22604400	22605300	22850021	22854626		43	0.000302	0.000519	0.000843	82.8601	358.065	889.824	1	19779000	19780500	19782600	19784700		42	0.000372	0.000568	0.000832	137.721	464.412	902.488	1	19970800	19974200	19976300	19981600		47	0.000005	0.000017	0.000048	77.8415	475.516	923.547	1	20308000	20308500	20309900	20310500				
63	0.001524	0.002504	0.004133	1	188.03	815.46	0.993	23217800	23218600	23219900	23220400	23528707	23531300		54	0.000407	0.000675	0.001038	61.051	174.2585	643.423	1	19860600	19861800	19863100	19863600		68	0.000021	0.000061	0.000134	50.2377	194.532	672.387	1	20128800	20130500	20133100	20134400		50	0.000007	0.000028	0.000076	109.795	621.012	968.934	1	20350900	20353200	20356550	20360000		The locations in chimpanzee are based on Chromosome 22
135	0.001673	0.002549	0.003931	18.4385	80.9189	785.368	0.994	23591600	23592600	23595700	23597200	23908190	23913799		38	0.000499	0.00084	0.00131	18.5992	111.829	596.025	0.99	19958800	19959600	19960600	19961300		35	0.000024	0.000078	0.0002	24.5578	192.173	741.816	0.993	20181900	20184900	20186800	20193300		63	0.000001	0.000004	0.000021	43.1517	438.5135	937.174	1	20383600	20384700	20386900	20389000		Assembly by Riken:
105	0.002249	0.003823	0.006116	46.2657	247.984	672.404	1	23676600	23678100	23680500	23681600	23993121	23998135		42	0.000829	0.001288	0.001906	13.8106	77.84945	562.246	0.989	19958900	19959800	19962300	19963900		46	0.000033	0.000083	0.000163	279.222	619.4355	972.246	1	20308100	20308500	20310100	20310600		30	0.000031	0.000082	0.00017	32.9938	248.422	842.252	0.999	20562500	20563900	20565900	20567200		http://hgp.gsc.riken.go.jp/sequence/mammaliachr.asp 
45	0.000156	0.000362	0.00077	31.611	288.1495	935.361	1	33719400	33721300	33723300	33725400	34264472	34270331		67	0.00015	0.000251	0.000371	11.7853	32.54755	104.411	0.983	20129800	20131400	20133900	20135700		42	0.000066	0.000125	0.000217	106.882	439.079	925.38	1	20308100	20308600	20309750	20310400		29	0.000016	0.000046	0.000109	191.492	611.3305	959.118	1	20642000	20642500	20644200	20645000		and then mapped onto human build 34 as described in the paper
33	0.000087	0.000291	0.000787	68.9012	322.8195	877.609	1	33782100	33782900	33784900	33786700	34327509	34332071		37	0.000037	0.000103	0.00023	114.533	500.3095	964.053	1	20192400	20195400	20198200	20201200		33	0.000024	0.000063	0.000139	141.502	587.112	955.135	1	20562500	20563900	20566000	20567700		30	0.00004	0.000098	0.000219	112.977	358.7685	859.731	1	20695000	20696400	20699800	20701700		(5% CI human to 95% CI human)
128	0.003422	0.005096	0.007388	24.9723	294.006	916.246	0.986	34971200	34976000	34977100	35004700	35511405	35544872		52	0.000123	0.000243	0.00047	33.4379	181.3915	650.396	0.999	20235300	20235600	20236900	20240800		32	0.000151	0.000282	0.000481	79.2608	443.401	927.254	1	20562500	20563800	20565700	20567100		86	0.000097	0.00017	0.000276	99.4283	248.243	799.117	1	20735500	20736000	20741100	20742100		
121	0.000451	0.000876	0.001515	17.6608	39.8096	102.235	0.994	35074000	35075100	35078700	35079400	35614307	35619693		41	0.000286	0.000492	0.000811	34.871	123.422	476.53	1	20307800	20308600	20309500	20310300		32	0.000029	0.000072	0.000174	258.369	672.705	982.385	1	20642000	20642500	20644400	20645100		116	0.000134	0.000216	0.000343	13.1203	82.13515	341.433	0.996	20808100	20808800	20810200	20811100		The locations in humans are based on Build 34 Human
120	0.003478	0.004827	0.006561	33.4956	340.272	898.069	1	35195800	35196200	35197700	35199300	35736282	35739795		62	0.000432	0.000665	0.000958	25.8581	102.81	645.878	0.998	20306300	20308200	20309600	20310500		29	0.000028	0.00009	0.000228	84.5416	360.425	866.476	1	20695400	20696900	20699900	20702700		57	0.000011	0.000043	0.000115	120.678	529.325	950.835	1	20921800	20923800	20926300	20929200		Genome Assembly.
102	0.000895	0.001372	0.002103	38.8016	170.8225	795.224	0.997	35687300	35689900	35692400	35692700	36234374	36239747		59	0.000003	0.000016	0.000056	118.158	515.196	935.009	1	20380700	20382400	20384600	20386600		79	0.000263	0.000401	0.00061	119.514	469.568	966.692	1	20719600	20725100	20727300	20732500		62	0.000136	0.000218	0.000351	257.585	645.6805	976.135	1	21106300	21106600	21107700	21107900		
80	0.001854	0.002937	0.004677	24.2893	97.1918	443.148	1	35721600	35721900	35724000	35725300	36268652	36272354		32	0.000108	0.000229	0.000437	91.014	329.252	939.087	1	20562500	20563900	20565900	20568100		102	0.000051	0.000101	0.000181	57.5794	247.464	865.301	1	20793000	20796500	20798600	20801400		52	0.000248	0.000396	0.000613	166.243	461.21	879.891	1	21114000	21116400	21118500	21120600		
83	0.001484	0.002815	0.005008	93.4928	427.5385	886.12	1	36285500	36287300	36289900	36290700	36835439	36840620		32	0.000305	0.000565	0.000979	86.0643	451.754	929.014	1	20642000	20642400	20643500	20644000		21	0.000029	0.000069	0.000164	73.9355	430.842	884.627	1	20895600	20897050	20898900	20902200		58	0.000112	0.000236	0.000463	1	141.991	850.238	1	21405100	21405700	21407100	21408700		
134	0.001337	0.002153	0.003432	19.9983	92.3175	428.45	0.992	36380000	36381600	36383700	36383900	36936302	36940215		34	0.000315	0.000555	0.000945	37.3711	394.0295	915.046	1	20695200	20696200	20698000	20700700		58	0.000026	0.000083	0.000198	106.473	432.9785	918.33	1	20930700	20934750	20936550	20941400		62	0.000074	0.000174	0.000341	45.9428	245.079	843.513	1	21405200	21405700	21408550	21411400		
36	0.000091	0.000566	0.002142	27.3274	269.7115	853.252	0.997	36963300	36965700	36969000	36970800	37521496	37528964		84	0.000464	0.000699	0.00101	46.0722	102.369	266.824	1	20735600	20736600	20739100	20739300		69	0.00001	0.000034	0.000107	62.7708	357.689	895.654	0.987	20978500	20981200	20983600	20989400		33	0.000106	0.000219	0.00041	52.8414	461.638	930.362	1	21796500	21800100	21801700	21807000		
98	0.001441	0.00237	0.00383	25.3758	320.849	895.973	0.999	37303600	37305100	37307300	37310100	37861796	37868364		119	0.000575	0.000818	0.001132	37.291	196.1085	749.662	1	20792000	20794300	20795900	20797300		40	0.000004	0.000039	0.000187	112.182	384.0005	897.765	1	21016000	21020150	21023200	21026500		118	0.000042	0.000082	0.00015	32.3885	93.0051	263.829	1	22034300	22036100	22039600	22041100		
96	0.001337	0.002152	0.003405	44.6882	179.601	709.161	1	37304000	37304900	37306300	37308600	37862242	37866833		81	0.001286	0.001778	0.00237	21.4814	103.381	652.691	0.987	20827200	20827900	20830400	20831100		43	0.000125	0.000311	0.000667	162.178	517.123	910.062	1	21088400	21090400	21093600	21097200		83	0.000034	0.000073	0.000133	46.423	257.939	908.751	0.997	22161400	22163600	22165300	22167600		
133	0.002018	0.003109	0.004744	16.5644	60.3023	807.153	0.992	37562600	37563000	37567000	37568000	38120842	38124933		67	0.000036	0.000118	0.000273	104.663	572.563	967.475	1	20996800	20998200	21001800	21003500		45	0.000123	0.000201	0.000313	103.95	397.251	929.195	1	21106000	21106600	21107700	21108000		64	0.000089	0.000161	0.000286	172.865	547.9755	949.876	1	22193500	22195800	22198100	22199200		
104	0.003704	0.005663	0.008853	16.4623	133.773	607.876	0.99	37562300	37563100	37564300	37565100	38118702	38121505		60	0.000348	0.000565	0.000852	182.135	516.229	902.786	1	21106100	21106600	21107800	21108000		43	0.000054	0.000144	0.000338	29.2631	193.804	832.008	0.994	21368900	21371300	21373100	21378200		54	0.000105	0.000175	0.000277	306.483	647.05	909.757	1	22243500	22243900	22245500	22245900
184	0.001042	0.001567	0.002288	11.6755	121.993	607.881	1	38108600	38111600	38114300	38114700	38665002	38670005		54	0.000553	0.000802	0.001122	151.149	388.483	837.136	1	21106900	21107500	21108100	21108200		61	0.000106	0.000187	0.000339	266.213	582.546	957.574	1	21405600	21406900	21409700	21412300		70	0.000099	0.00018	0.000291	280.471	631.8125	929.665	1	22280400	22282000	22284600	22286000
121	0.001659	0.002308	0.003235	17.0142	87.98165	300.277	0.984	38110900	38112600	38114300	38114600	38678267	38681965		26	0.000304	0.000584	0.00103	46.4763	210.477	786.248	1	21178600	21179100	21180100	21181900		24	0.000019	0.00008	0.000223	74.0817	438.5325	931.185	1	21796100	21798500	21800900	21803000		32	0.000003	0.000013	0.000048	154.267	578.2585	950.51	1	22424300	22426200	22428700	22429700
94	0.001527	0.002288	0.003281	35.6287	192.2585	814.447	0.996	38199000	38200200	38202200	38203900	38765708	38770601		47	0.000089	0.00021	0.000349	40.6029	138.47	571.987	1	21354100	21354500	21355800	21356800		67	0.000001	0.000006	0.000019	53.8972	444.141	925.608	1	21959900	21962300	21964900	21966200		40	0.000018	0.000047	0.000101	33.054	113.886	396.246	1	22480400	22481900	22485100	22486300
92	0.001703	0.002598	0.004019	93.2195	204.173	423.504	1	38579800	38580100	38581350	38582700	39149528	39152436		58	0.000408	0.00061	0.000876	21.7305	70.6707	338.766	0.994	21354200	21354600	21355700	21356100		109	0.000024	0.000057	0.000112	85.7789	312.7665	857.669	1	22042000	22043600	22044900	22045300		60	0.000041	0.000077	0.00015	267.624	698.063	978.433	1	22569700	22572200	22574100	22574500
56	0.000238	0.000443	0.000709	18.6968	84.2432	646.703	0.991	38858500	38859100	38862500	38863600	39430893	39435980		57	0.000389	0.000651	0.000975	192.284	461.905	912.84	1	21413900	21417300	21419200	21421400		67	0.000041	0.000086	0.00017	77.8745	317.617	858.343	1	22083700	22085200	22087800	22089600		45	0.000025	0.000066	0.000131	61.8822	562.439	958.136	1	22928600	22928800	22929800	22930500
35	0.000062	0.000218	0.0006	71.2433	399.561	926.412	1	39030900	39033000	39037400	39037900	39605353	39612363		36	0.000115	0.000239	0.000446	103.506	286.741	751.299	1	21735400	21735600	21736700	21737100		41	0.000093	0.000183	0.000325	46.6717	338.47	909.883	0.998	22191800	22194500	22196400	22199800		59	0.000016	0.000042	0.000097	28.6219	125.028	534.719	0.997	23357500	23358100	23359600	23366600
95	0.001943	0.00286	0.004208	18.2938	70.8426	190.615	0.987	39443400	39444300	39445200	39445700	40017475	40019773		59	0.000279	0.000442	0.00064	70.1465	344.831	848.566	1	21858000	21860000	21862000	21862900		48	0.000029	0.000081	0.0002	192.139	544.922	946.141	1	22241500	22243000	22246300	22247300		72	0.000027	0.000054	0.000103	91.72	334.923	826.191	1	23357400	23358100	23359500	23360600
159	0.002482	0.003353	0.004663	22.6268	126.504	416.488	0.996	39931600	39931800	39933100	39934600	40505515	40508841		113	0.000425	0.000596	0.000809	16.1535	111.934	453.603	1	22039400	22040900	22044600	22044800		40	0.000054	0.000115	0.000228	106.567	538.1125	928.642	1	22280600	22282200	22284700	22286000		68	0.000003	0.000012	0.000036	140.728	540.002	915.273	1	23410900	23414300	23417000	23420100
126	0.001462	0.002284	0.003329	18.6121	59.1442	214.042	1	40305300	40349400	40350800	40367300	40883780	40946780		97	0.000328	0.000491	0.000699	48.4386	135.3865	550.653	1	22088000	22089600	22091450	22092600		20	0.000005	0.000025	0.000098	90.1776	434.392	915.248	1	22417900	22425300	22428100	22429800		47	0.000036	0.000066	0.000137	184.224	645.774	963.243	1	23549900	23550200	23551500	23552500
128	0.001167	0.001855	0.002755	27.4036	77.4053	399.549	0.999	40498800	40500100	40503800	40505800	41078618	41085600		79	0.000117	0.000202	0.000315	64.8868	373.972	978.7	1	22160500	22162100	22164000	22165800		21	0.000004	0.00002	0.000063	59.6427	423.9555	958.63	1	22479300	22481000	22483600	22485900		89	0.000171	0.000259	0.00039	172.449	455.178	929.35	1	23617300	23617600	23618600	23618800
66	0.000468	0.000892	0.001551	50.6739	151.103	479.23	0.999	40982600	40983600	40985500	41003900	41575248	41596517		64	0.000371	0.000563	0.000874	43.946	136.597	410.235	1	22178000	22179400	22181400	22185100		54	0.000005	0.00002	0.000052	97.0424	455.361	966.49	1	22570600	22572200	22574100	22574700		60	0.000146	0.000236	0.00038	301.846	631.8825	976.869	1	23617300	23617700	23618700	23618800
															53	0.00045	0.000674	0.000983	176.543	330.499	819.021	1	22243600	22244200	22245700	22245900		57	0.000009	0.000026	0.000066	104.564	526.4995	930.099	1	23410300	23413100	23416400	23424600		54	0.00011	0.000186	0.000285	15.1513	44.1247	205.109	0.992	23752400	23752800	23754100	23754600
															69	0.000443	0.000649	0.000914	177.131	479.894	968.191	1	22280600	22282550	22284300	22285800		49	0.000013	0.000037	0.000104	140.404	618.569	957.77	1	23549700	23550100	23551900	23553500		56	0.000006	0.000022	0.000066	87.4179	409.1665	879.068	1	23887400	23889000	23891050	23893400
															63	0.00002	0.000048	0.000108	26.6437	131.369	590.885	0.998	22309800	22311500	22314200	22315300		89	0.000135	0.000212	0.000319	308.106	540.733	904.019	1	23617300	23617600	23618600	23618800		60	0.000163	0.000276	0.000456	100.606	389.3575	936.793	1	23999200	24003000	24004800	24007800
															43	0.000023	0.000064	0.00016	100.737	341.2455	882.791	1	22425400	22426500	22428400	22429000		63	0.000138	0.000225	0.000343	472.167	801.175	980.838	1	23617300	23617500	23618400	23618600		68	0.00007	0.000143	0.000263	33.9155	186.975	736.323	1	24020000	24022700	24024200	24026400
															44	0.000098	0.000194	0.000338	18.1184	64.24195	469.662	0.994	22479500	22482000	22484000	22485000		50	0.000012	0.000042	0.000123	92.4631	479.0395	942.473	1	23680700	23682300	23684900	23686900		36	0.000033	0.000089	0.00021	25.5389	118.3855	644.628	0.999	24251100	24253800	24256200	24257700
															50	0.00015	0.000266	0.000427	88.1892	313.478	934.012	1	22547700	22550200	22552550	22556100		71	0.000039	0.000099	0.000213	74.0175	446.912	923.122	1	23718100	23722400	23724700	23727500		62	0.00005	0.000105	0.000193	18.1174	81.9612	436.133	0.993	24358700	24359500	24361500	24362900
															91	0.000119	0.000201	0.000315	186.431	626.457	962.008	1	22572100	22572700	22574100	22574600		45	0.000076	0.000167	0.000336	160.409	592.28	977.458	1	24008500	24011200	24014100	24014800		61	0.000042	0.000099	0.00019	327.121	728.945	981.168	1	24414300	24416200	24419100	24423100
															70	0.000059	0.000136	0.000261	35.577	136.6435	521.558	1	22618500	22619700	22621200	22622300		63	0.000043	0.000094	0.000195	304.184	683.506	967.94	1	24023900	24026400	24029200	24030900		63	0.000024	0.000058	0.000108	233.209	634.577	959.405	1	24500800	24503400	24506300	24510000
															38	0.000188	0.000336	0.000534	89.677	327.4	896.182	0.99	22700800	22703300	22704500	22709800		42	0.000008	0.000033	0.000095	106.874	437.4545	915.872	1	24065900	24067100	24068800	24070800		33	0.000189	0.000327	0.000534	13.5876	78.5369	378.136	0.982	34143500	34145700	34147300	34148600
															37	0.00006	0.000138	0.000307	31.8481	169.304	728.564	1	22763500	22764900	22766400	22768200		41	0.000029	0.00008	0.000191	219.244	619.84	973.237	1	24137900	24139900	24142200	24143700		51	0.000079	0.000147	0.000261	20.8062	59.5134	216.235	0.991	34275300	34276400	34277800	34279400
															30	0.000176	0.00036	0.000694	71.2256	426.0605	903.391	1	22900300	22904500	22906600	22910400		31	0.000123	0.000238	0.000469	74.7874	378.941	887.696	1	24252200	24253600	24256200	24256700		32	0.000105	0.000193	0.000311	127.139	498.189	959.077	1	34510200	34511900	34514300	34516700
															55	0.000358	0.000555	0.000843	32.4858	191.486	828.713	0.998	22928600	22928900	22929600	22930100		30	0.000572	0.001	0.001724	43.2329	307.128	876.04	1	24257400	24260100	24262600	24266500		40	0.000069	0.000142	0.000256	275.797	682.805	961.66	1	34510000	34511700	34514850	34517200
															22	0.000007	0.000037	0.000194	23.06	370.872	937.801	0.997	23269100	23273900	23276900	23280200		151	0.000017	0.000041	0.000082	28.1685	126.4195	603.873	0.997	24356500	24357600	24359300	24360100		40	0.000088	0.000173	0.000301	151.671	562.009	931.274	1	34644500	34645600	34648000	34649400
															64	0.000193	0.000309	0.00048	90.6801	399.552	913.115	1	23336200	23336600	23337700	23338200		81	0.000039	0.00008	0.000154	50.4663	223.846	847.985	1	24363800	24368500	24370100	24372500		27	0.000006	0.000024	0.000083	49.2209	320.192	867.483	1	34929700	34931200	34933300	34934100
															77	0.000083	0.000175	0.000327	23.6026	120.135	812.315	0.996	23358300	23358700	23361000	23361800		72	0.000095	0.000147	0.000236	458.961	743.697	952.444	1	24423700	24426200	24429100	24429800		36	0.000149	0.000263	0.000431	16.898	59.7961	266.877	0.992	35044700	35045400	35046800	35049500
															45	0.000362	0.000579	0.000847	162.378	368.023	745.251	1	23550000	23550300	23551500	23552500		49	0.000041	0.000077	0.00015	359.741	746.344	970.996	1	24496600	24498400	24502350	24505000		26	0.000299	0.000528	0.00093	113.966	434.086	950.879	1	35199300	35199700	35201900	35203700
															77	0.000413	0.000571	0.0008	104.275	259.158	630.628	1	23617400	23617800	23618600	23619000		25	0.000111	0.000246	0.000473	50.8455	285.268	866.348	1	34140600	34144300	34146700	34148300		30	0.000127	0.00026	0.000473	111.888	489.733	967.249	1	35198800	35200100	35202800	35211700
															64	0.000203	0.000336	0.000533	114.965	288.671	700.708	1	23617300	23617700	23618700	23618800		29	0.000105	0.000231	0.000401	116.112	486.2245	914.311	1	34509400	34511500	34513500	34515200		48	0.000172	0.000293	0.000486	103.827	453.2195	933.699	1	35334500	35336200	35338200	35342900
															75	0.000253	0.00047	0.000838	18.8333	70.2125	225.864	0.986	23753300	23753500	23754100	23755000		33	0.000047	0.000102	0.000199	144.515	456.943	898.635	1	34513600	34515650	34518100	34519300		45	0.000046	0.000106	0.000214	28.3558	191.965	801.778	0.985	35520800	35522000	35523400	35525000
															53	0.000144	0.000238	0.000397	31.3327	116.032	391.021	1	23753200	23753500	23754300	23755100		27	0.000051	0.000133	0.000269	175.225	511.207	949.85	1	34911100	34914200	34916800	34924400		40	0.000125	0.000241	0.000428	29.6817	152.969	546.315	0.999	35609000	35609500	35610600	35611400
															49	0.000143	0.000253	0.000438	95.3468	360.873	808.006	1	24066400	24067600	24069400	24070500		32	0.000159	0.000316	0.000554	16.8343	64.9607	285.616	0.99	35044800	35045500	35047100	35048600		31	0.000033	0.000087	0.000201	208.489	531.033	937.932	1	35608700	35609500	35610900	35612300
															51	0.000105	0.000231	0.000508	135.093	481.138	930.231	1	24174500	24177800	24180300	24182100		23	0.000113	0.000235	0.000446	101.759	457.8305	926.808	1	35258100	35258900	35260300	35260800		35	0.000073	0.000157	0.000289	29.1898	94.82135	780.569	0.999	35802400	35803200	35807000	35807900
															67	0.00043	0.00066	0.000937	46.774	133.109	462.945	1	24252800	24254100	24256000	24257200		42	0.000192	0.000359	0.000599	97.5003	417.797	886.921	1	35273900	35274400	35276200	35277500		74	0.000007	0.000016	0.000039	176.722	555.932	939.225	1	35802200	35802900	35807000	35807700
															44	0.000471	0.000829	0.001319	125.008	223.147	596.6	1	24254000	24260500	24263000	24266000		24	0.000048	0.000166	0.000354	86.7928	418.213	891.365	1	35330200	35333200	35335600	35340000		66	0.000006	0.000021	0.00005	20.6768	143.926	740.591	0.985	35893200	35894450	35896000	35896700
															99	0.000184	0.000298	0.000443	144.537	485.633	955.682	1	24414200	24416200	24418500	24421100		58	0.000166	0.000267	0.000398	212.64	579.216	958.041	1	35442900	35443400	35444700	35445300		88	0.000088	0.000151	0.000239	217.331	587.659	955.411	1	36226100	36226500	36229000	36230300
															76	0.000113	0.000202	0.000337	244.425	623.317	967.851	1	24501500	24505200	24507300	24510500		44	0.000022	0.000058	0.000121	37.7876	162.7285	692.395	1	35520200	35522000	35523300	35524700		42	0.000082	0.000168	0.000323	106.072	548.0795	919.842	1	36467100	36468100	36470100	36470700
															36	0.000166	0.000329	0.000635	72.6916	346.419	905.767	0.996	34143800	34145200	34147800	34148900		35	0.000087	0.000172	0.000305	32.3591	237.56	821.203	0.996	35607900	35608800	35610000	35610400		32	0.000196	0.000397	0.000707	37.366	292.5965	903.748	0.991	36776500	36779850	36782200	36785600
															23	0.000104	0.000261	0.000577	65.9331	441.691	941.648	1	34175200	34176900	34179500	34182200		24	0.000012	0.00005	0.00014	86.9079	503.814	937.488	1	35607700	35608700	35610300	35610900		34	0.000185	0.000334	0.000549	93.5372	370.315	905.949	1	36957800	36959500	36961800	36962800
															46	0.000423	0.000621	0.000886	134.476	492.9565	925.455	1	34512400	34514500	34518500	34520700		73	0.000008	0.000031	0.000083	61.4347	273.848	843.737	1	35802700	35804100	35806800	35807500		37	0.00029	0.000503	0.000807	62.3719	301.1965	907.211	1	36989500	36992900	36995400	37000700
															50	0.000264	0.000423	0.000688	81.0307	463.78	918.577	1	34511600	34512900	34516300	34517800		52	0.000005	0.00002	0.000059	19.6754	212.038	854.068	0.99	35975500	35977000	35978600	35980800		29	0.000131	0.000227	0.000404	1	303.604	926.207	0.981	37072300	37074400	37076500	37104900
															54	0.00012	0.000212	0.000369	98.8587	437.639	934.947	1	34814900	34819900	34822600	34826800		68	0.000022	0.000046	0.000092	314.174	728.868	973.26	1	36226200	36226700	36229400	36230600		52	0.000006	0.000024	0.000071	79.5545	447.095	952.637	1	37141500	37142400	37144100	37145300
															30	0.000129	0.000261	0.000459	23.5536	111.9	673.915	0.997	34858900	34859500	34861300	34862200		38	0.000014	0.000046	0.000124	132.406	504.001	955.933	1	36467100	36468700	36470500	36471800		28	0.000001	0.000007	0.00005	35.0359	339.8285	901.826	0.994	37212400	37214100	37216150	37218100
															44	0.000108	0.000234	0.00046	193.029	599.236	958.951	1	34929500	34931500	34933100	34933800		30	0.00009	0.0002	0.00038	101.084	464.614	920.25	1	36796400	36798200	36800750	36801900		27	0.000039	0.000102	0.000226	41.2541	290.4535	911.313	1	37348600	37349200	37351800	37353400
															32	0.000289	0.0005	0.000793	21.876	71.8054	227.574	0.997	35107300	35107900	35109200	35110300		65	0.000008	0.000024	0.000066	41.1858	416.5555	909.773	1	36813900	36815100	36816700	36817400		42	0.000066	0.000125	0.00022	123.452	542.722	937.162	1	37889300	37889600	37890700	37891200
															36	0.001574	0.002322	0.003366	53.2398	108.049	321.278	1	35108100	35108300	35109800	35110500		30	0.000001	0.000007	0.000034	72.172	378.5045	941.821	1	36896000	36897600	36900000	36902200		30	0.000034	0.000086	0.000167	162.129	536.55	948.4	1	38006400	38007550	38009500	38011100
															42	0.000464	0.000721	0.001089	116.161	310.08	794.42	1	35214800	35219000	35220900	35223500		24	0.000048	0.000116	0.000237	76.7635	526.633	971.583	1	37349700	37350400	37352200	37353000		47	0.000076	0.000136	0.000239	130.47	508.9905	921.184	1	38006500	38008200	38010000	38011300
															41	0.000655	0.000934	0.00136	36.0848	237.9345	811.299	1	35302800	35303000	35304400	35305800		39	0.000032	0.000077	0.000175	48.4756	230.548	870.568	1	37844900	37845300	37847100	37849500		59	0.00014	0.000222	0.000322	120.432	384.0845	837.982	1	38066900	38068300	38070200	38075600
															65	0.000238	0.000407	0.000644	83.0607	273.0355	773.629	1	35443000	35443900	35447400	35447800		38	0.000064	0.000145	0.000266	29.1973	185.519	857.178	0.995	37899300	37905050	37907100	37910200		28	0.00009	0.000187	0.000335	114.321	523.761	947.848	1	38246700	38247600	38249600	38250300
															46	0.000682	0.000981	0.001303	67.5243	381.879	880.895	1	35598000	35601200	35602800	35604200		42	0.000057	0.000125	0.000239	55.6342	416.856	924.819	1	38007200	38010000	38012300	38014400		68	0.000068	0.000121	0.0002	105.127	361.477	838.185	1	38276100	38276800	38278900	38280100
															32	0.000147	0.00028	0.000507	54.6347	221.941	779.848	1	35608400	35609000	35611500	35612700		54	0.000078	0.000146	0.000248	27.0914	79.2217	431.807	0.986	38067600	38069900	38071300	38072200		26	0.000005	0.000015	0.000056	50.1782	468.1995	881.565	1	38368800	38369500	38371600	38372300
															35	0.000146	0.00025	0.000425	152.409	363.481	795.75	1	35803000	35803300	35806800	35807100		32	0.00011	0.00022	0.00037	95.8515	332.795	865.32	1	38167800	38171400	38173300	38176200		67	0.000003	0.000012	0.000042	17.4676	202.2345	811.401	0.992	38542500	38546600	38548600	38550900
															94	0.000086	0.000147	0.000239	300.209	673.2895	977.938	1	35802800	35803300	35807100	35807200		34	0.000131	0.000203	0.000318	203.142	606.0125	910.245	1	38246700	38247500	38249500	38250300		43	0.000215	0.000373	0.000613	108.357	425.579	903.872	1	38651200	38651600	38653400	38654000
															77	0.000033	0.000075	0.00014	17.3974	125.522	706.838	0.988	35932500	35933600	35934600	35936300		61	0.000103	0.000186	0.000329	77.2575	500.112	933.027	1	38276900	38277300	38279800	38281400		48	0.000114	0.000209	0.000335	67.6135	412.697	888.636	0.998	38650400	38651800	38653300	38654600
															62	0.000045	0.000095	0.000178	43.1419	198.815	700.643	1	35977400	35978600	35980500	35982000		46	0.000189	0.000327	0.000519	167.893	442.0085	905.598	1	38645200	38645400	38646200	38646500		69	0.000289	0.000446	0.00065	179.823	564.2375	938.508	1	38752000	38752400	38753600	38753900
															22	0.000064	0.000162	0.000361	34.9521	200.534	870.998	0.996	36067000	36069600	36072000	36075000		61	0.00012	0.000196	0.000303	66.1409	357.387	916.007	1	38650400	38651900	38653400	38653900		63	0.000077	0.000157	0.000283	34.1398	98.7866	272.856	1	38751000	38752200	38755400	38756300
															83	0.000293	0.000455	0.000656	159.53	427.384	920.793	1	36226000	36226500	36228500	36230400		56	0.000295	0.000448	0.000657	139.027	483.79	908.551	1	38746900	38749100	38751500	38753600		46	0.000096	0.000204	0.00039	19.4757	89.8211	515.702	0.986	38873200	38878400	38880200	38883700
															46	0.000015	0.000044	0.000104	18.2098	98.2178	597.37	0.993	36353800	36355500	36357600	36359500		94	0.00013	0.000214	0.000322	64.2226	236.475	759.616	1	38863500	38864200	38865500	38866300		23	0.00004	0.000129	0.000349	31.407	360.9955	932.301	0.985	38992500	38994900	38996600	39000100
															43	0.000112	0.000234	0.000457	146.484	510.175	958.63	1	36467000	36468300	36470900	36471900		57	0.000068	0.000131	0.000243	72.1283	347.553	883.27	1	38872600	38875200	38877400	38881400		46	0.000123	0.000221	0.000382	291.517	726.293	973.103	1	39036600	39038100	39040000	39040500
															49	0.000752	0.001107	0.001515	10.2582	243.719	769.008	0.989	36712400	36715400	36718000	36719900		53	0.000021	0.000051	0.000105	29.9644	192.53	737.516	1	38932700	38933400	38934400	38935100		54	0.000093	0.000167	0.00027	124.013	526.029	914.894	1	39207700	39208200	39209700	39210300
															51	0.000625	0.000948	0.001377	73.6917	202.924	721.707	1	36781100	36784900	36786500	36816800		31	0.000037	0.000113	0.000287	146.885	519.079	945.95	1	38991400	38993400	38996100	38999600		60	0.000208	0.000324	0.000463	58.8542	303.6605	898.229	1	39237100	39237300	39238500	39238900
															84	0.00007	0.000128	0.000205	47.9833	133.854	570.33	1	36813200	36814300	36817900	36818700		43	0.000084	0.000154	0.000267	302.201	700.044	971.754	1	39036400	39037700	39040200	39040500		54	0.000337	0.000487	0.000678	78.1535	229.042	793.414	1	39307900	39308400	39309400	39309900
															42	0.000521	0.000825	0.001201	20.138	208.038	913.638	0.991	36917100	36917600	36918600	36918900		59	0.000112	0.000212	0.000344	88.9505	401.21	939.795	1	39207400	39208400	39210500	39211300		66	0.000133	0.000213	0.000318	31.2429	95.4755	835.843	1	39299700	39301100	39303900	39305500
															37	0.000906	0.001353	0.001963	87.3666	417.185	970.83	1	36989200	36992000	36994050	36995900		62	0.000234	0.000341	0.000486	123.875	417.47	927.346	1	39207400	39208400	39210500	39211200		52	0.000257	0.000407	0.0006	104.11	407.4	959.754	1	39400100	39401600	39404400	39405200
															31	0.00004	0.00012	0.000267	18.7787	112.487	577.424	0.995	37212400	37214400	37216200	37217900		55	0.000353	0.000518	0.000727	21.0876	203.925	692.358	0.996	39300400	39301500	39302300	39303900		58	0.000049	0.000091	0.000178	86.5545	347.267	899.114	1	39431300	39432000	39433200	39433800
															28	0.000263	0.000467	0.000775	111.711	458.455	906.81	1	37348800	37349350	37350900	37352400		64	0.000136	0.000215	0.000319	337.682	751.486	962.503	1	39308000	39308400	39309700	39310000		51	0.000046	0.000105	0.000222	18.6546	79.11875	389.816	0.994	39899600	39900500	39901900	39903300
															31	0.000002	0.000013	0.000057	22.2293	185.647	857.279	0.987	37807800	37809100	37811000	37813200		48	0.000123	0.000212	0.00034	192.272	542.374	966.765	1	39393400	39395700	39398000	39400900		34	0.000208	0.000365	0.000589	58.3402	264.988	789.883	1	39946000	39947100	39948700	39949200
															34	0.000227	0.000388	0.000615	97.2231	339.651	950.926	1	38006700	38010500	38012800	38014500		25	0.000004	0.000017	0.000067	15.8293	228.311	889.419	0.985	39754800	39758600	39760300	39763100		98	0.00013	0.000195	0.000296	482.959	753.158	951.727	1	40025200	40026100	40030200	40032200
															58	0.000452	0.000665	0.000928	134.759	406.851	911.682	1	38006700	38008800	38011500	38013500		24	0.000039	0.000113	0.000239	66.0302	319.2615	882.309	1	39944300	39946700	39949100	39951200		71	0.000583	0.001135	0.001575	96.6511	308.878	753.672	1	40155300	40159300	40160700	40202200
															62	0.000425	0.000619	0.00087	85.0098	283.815	851.083	1	38066600	38067700	38070000	38072300		29	0.00003	0.000075	0.000161	173.17	593.5005	940.421	1	39992400	39992800	39994200	39995600		70	0.000356	0.000519	0.000735	150.588	468.432	902.584	1	40203300	40204000	40205600	40206300
															34	0.000484	0.000724	0.001091	123.474	430.981	968.827	1	38166000	38168500	38171800	38173800		97	0.000194	0.00031	0.000451	154.804	683.106	985.119	1	40016800	40018000	40019600	40020000		59	0.000337	0.000501	0.000744	45.9269	198.311	848.016	0.993	40276700	40282300	40283700	40286100
															34	0.000424	0.000679	0.001051	68.8886	342.0125	859.863	1	38202200	38204100	38206300	38207000		47	0.00001	0.000033	0.000086	33.1645	289.8135	852.516	1	40152200	40153200	40154800	40156300		53	0.000119	0.000214	0.00035	119.745	327.817	856.933	1	40308300	40308900	40310200	40310900
															64	0.000266	0.000416	0.000611	17.3253	42.1703	125.493	0.997	38275300	38275700	38278300	38279800		66	0.000535	0.000773	0.001116	112.417	384.281	950.92	1	40197400	40197800	40198900	40199300		52	0.000147	0.000231	0.000358	282.666	644.291	964.383	1	40451400	40451800	40452900	40453100
															33	0.000019	0.00006	0.000153	20.8159	179.1875	775.795	0.996	38324800	38327100	38328500	38329600		58	0.000334	0.000483	0.000708	59.5866	269.183	834.374	1	40227400	40228300	40229600	40230800		64	0.000126	0.000257	0.000427	75.5109	383.168	882.247	1	40461000	40462100	40464300	40468800
															33	0.000031	0.00008	0.000183	66.5734	443.518	903.916	1	38369300	38370400	38372000	38373700		40	0.000157	0.000288	0.000507	106.557	515.827	958.547	1	40269100	40273200	40275600	40278800		23	0.000035	0.000108	0.000256	45.2637	183.5435	666.298	1	40624800	40627000	40631200	40632200
															88	0.000098	0.000163	0.000271	41.8379	176.039	516.235	1	38552200	38553100	38554200	38554800		43	0.000048	0.000154	0.00036	26.9703	184.1775	816.082	0.991	40313700	40317100	40319200	40323100		33	0.000165	0.000288	0.000477	190.566	558.613	931.561	1	40721500	40722700	40724400	40725200
															49	0.000528	0.000819	0.001243	45.7275	215.9335	717.099	1	38618500	38618900	38620600	38623000		53	0.000287	0.000417	0.000592	241.339	695.9445	963.128	1	40451700	40451900	40453000	40453200		25	0.000026	0.000089	0.000252	78.681	409.2245	893.305	1	40836200	40837200	40839500	40840600
															83	0.001079	0.001413	0.001886	18.7017	72.45785	221.045	0.983	38751000	38751900	38753400	38755200		73	0.000173	0.000284	0.000443	223.081	540.19	932.287	1	40450200	40451400	40453100	40453300		33	0.00007	0.000174	0.000364	72.895	378.4335	935.117	1	40968200	40971100	40973400	40979400
															70	0.000539	0.000745	0.001039	22.278	67.01675	607.158	0.992	38751100	38753300	38755300	38756000		29	0.000091	0.000157	0.000269	285.811	628.043	945.232	1	40611900	40614400	40616900	40618600		33	0.000204	0.000384	0.000673	143.21	486.874	931.257	1	41184300	41186600	41188850	41193900
															81	0.000438	0.000623	0.00086	43.551	136.577	414.123	1	38875000	38877100	38879100	38883300		55	0.000022	0.00006	0.000133	38.6474	232.831	853.275	1	40664600	40690000	40691600	40693800		21	0.000016	0.000053	0.000128	248.583	741.966	977.443	1	41298100	41299000	41301300	41302100							
															31	0.000337	0.000635	0.001109	49.597	299.083	903.74	1	38974500	38976100	38978300	38981300		39	0.00018	0.00027	0.000424	245.079	635.9005	952.567	1	40721700	40723000	40724650	40725300		51	0.000032	0.000084	0.000185	66.2486	319.492	819.095	1	41407300	41408900	41411100	41413800							
															48	0.000194	0.000355	0.000579	32.3115	72.5999	159.911	1	39037200	39038300	39045300	39045700		59	0.000077	0.000156	0.00028	53.5734	476.748	925.974	1	40836200	40837200	40839200	40839900		49	0.000286	0.000439	0.000653	38.8185	338.207	933.555	1	41512100	41514700	41516600	41519500							
															44	0.000185	0.000339	0.000569	24.346	138.886	775.229	0.991	39053800	39054800	39056000	39056800		34	0.000094	0.000206	0.000363	195.164	571.1605	977.507	1	40965500	40970300	40973100	40975600		23	0.000087	0.000195	0.000423	143.302	540.67	961.88	1	41785200	41785700	41787900	41791000							
															77	0.000258	0.000385	0.000546	41.0003	89.2549	212.97	1	39206900	39208100	39210300	39211100		20	0.000022	0.000063	0.000146	130.435	534.423	951.764	1	41102800	41104450	41106800	41108900																				
															71	0.000673	0.000944	0.001235	29.3579	315.404	861.785	1	39206200	39207900	39209700	39210700		28	0.000284	0.00058	0.001058	48.3872	309.542	848.407	1	41110100	41114400	41117300	41121100																				
															72	0.000496	0.000694	0.000988	40.4479	102.831	259.184	1	39301600	39302300	39309400	39309800		25	0.00021	0.000375	0.000652	100.079	420.9815	899.24	1	41172000	41174100	41176700	41178900																				
															53	0.000636	0.000922	0.001316	73.6254	362.749	916.9	1	39375300	39377300	39380300	39382000		31	0.000091	0.000185	0.000326	36.3803	299.037	903.678	0.998	41200900	41202200	41204100	41204600																				
															38	0.000062	0.000125	0.000235	31.0456	150.42	747.496	0.99	39755000	39757500	39759700	39761400		20	0.00001	0.000043	0.000107	199.693	669.3555	972.542	1	41298200	41299000	41301100	41301800																				
															52	0.000062	0.000128	0.000241	56.7506	235.475	777.049	1	39815400	39816400	39818000	39819300		23	0.000058	0.000159	0.000321	84.1509	435.3245	941.794	1	41574200	41576100	41578300	41580000																				
															72	0.000252	0.000392	0.000594	63.6537	367.656	938.51	1	39815500	39816500	39818800	39819900																																	
															40	0.000425	0.00066	0.000996	89.7398	196.797	580.856	1	39900000	39900600	39902200	39903500																																	
															112	0.000683	0.000932	0.001226	62.6811	196.819	775.096	1	40017700	40018300	40019800	40020300																																	
															111	0.00026	0.00038	0.000552	20.193	84.02075	357.249	0.997	40063300	40064300	40065700	40066500																																	
															57	0.000086	0.000157	0.00027	15.1789	53.95	211.962	0.988	40146600	40151200	40153200	40154100																																	
															90	0.001211	0.001564	0.002025	17.1008	65.74305	266.306	0.994	40197400	40197800	40198900	40199900																																	
															76	0.000589	0.00084	0.001179	138.461	393.744	913.077	1	40228100	40229500	40231300	40231600
															64	0.001057	0.001492	0.002064	29.5394	154.701	790.735	1	40303900	40304400	40305400	40306100
															57	0.000983	0.001395	0.001882	66.6656	217.125	671.482	1	40308300	40309000	40310500	40313400
															50	0.000333	0.000564	0.000926	25.8108	78.2574	215.21	1	40369600	40371200	40374500	40375500
															59	0.00077	0.00124	0.001753	45.8105	98.4447	233.864	1	40448900	40450800	40453200	40453300
															83	0.00062	0.000877	0.001251	92.7505	322.459	848.692	1	40450900	40451700	40453200	40453400
															41	0.000304	0.000544	0.000892	119.887	400.711	928.594	1	40579600	40582400	40584900	40587200
															41	0.000258	0.000425	0.000664	89.773	416.7495	907.493	1	40625300	40626200	40628300	40629300
															73	0.000197	0.000341	0.000586	24.0281	81.3491	320.794	0.999	40678300	40679300	40681400	40681700
															51	0.000445	0.000642	0.000938	121.673	290.483	751.344	1	40736600	40736700	40738400	40739100
															33	0.00032	0.000696	0.001178	61.3946	217.097	801.624	1	40764400	40796800	40797700	40817800
															60	0.000488	0.000719	0.001004	64.0054	317.769	892.109	1	40836300	40837400	40839700	40840400
															33	0.000959	0.001453	0.00215	68.5893	274.293	783.918	1	40950400	40951300	40952800	40954400
															34	0.000559	0.000876	0.001336	66.3484	351.166	841.901	1	40973100	40976300	40978700	40981100
															36	0.000142	0.000291	0.000537	17.6776	90.72915	500.547	0.99	41023800	41025000	41026600	41027500
															24	0.000211	0.000444	0.000798	21.2701	110.4005	700.339	0.996	41101900	41103700	41106200	41108000
															26	0.00103	0.001741	0.003028	30.4826	243.1745	818.979	0.991	41104700	41117200	41120000	41144300
															36	0.00114	0.001617	0.002304	49.4989	206.631	589.103	1	41201300	41202900	41204600	41204700
															36	0.000487	0.000728	0.001031	227.015	508.53	935.258	1	41201700	41203100	41204600	41204700
															20	0.000017	0.000056	0.000164	58.0035	383.7855	898.538	0.998	41298200	41299500	41301300	41302300
															39	0.000176	0.000326	0.000618	125.319	477.575	937.761	1	41345700	41346100	41347200	41348400
															55	0.000261	0.000403	0.0006	42.1018	197.2735	664.76	1	41408300	41409500	41413100	41415400
															24	0.000939	0.001554	0.002617	21.9642	100.25985	701.122	0.994	41494500	41495100	41496400	41497500
															53	0.00095	0.00128	0.001765	26.9724	184.233	725.642	0.995	41513200	41515900	41518500	41519500
															28	0.000255	0.000461	0.000748	70.7636	234.048	859.814	1	41574800	41576600	41579300	41580900
															20	0.000271	0.000558	0.001033	31.5201	277.5025	897.687	0.997	41621300	41628500	41629800	41632000
															28	0.000304	0.000572	0.000996	62.0375	194.8395	810.396	1	41785100	41785800	41788100	41789600


																										
																										





















																																																											
																																																											
																																																											
																																																											
																																																											
